14325032/T.21		86 		 70 		 86 		 55 
14325024/T.21		92 		 98 		 56 		 45 
14325034/T.21		77 		 87 		 54 		 93 
14325046/T.21		84 		 78 		 23 		 65 
14325058/T.21           67               80              78              79
14325086/T.21           76               61              59              72
14325077/T.21           94               77              67              64
14325039/T.21           45               97              55              90
14325010/T.21           58               29              86              62
14325091/T.21           72               78              86              95
14325082/T.21           48               50              92              78
14325093/T.21           54               59              91              59
14325044/T.21           61               59              65              00
14325055/T.21           36               89              64              68
13312151/T.21           74               46              46              67
13312162/T.21           81               86              66              57
13312173/T.21           60               59              82              77
13312184/T.21           70               72              79              78
13312295/T.21           73               32		 56		 66
13312466/T.21 		61		 52		 85		 55
13312127/T.21 		43		 71		 84		 44
13312118/T.21		73		 79		 78		 58 
13312199/T.21 		37		 89		 93		 87	
13312210/T.21           95  		 92              88              71
13312111/T.21           40               46              48        	 33
13312112/T.21           74 		 65              63         	 60
13312283/T.21           96               82              62              61